3.051778     -0.98895149        -1.3723577E-020        0.0032494207        2.6936843E-015        -0.99923695        4.5739339E-014
3.151778     -0.98899668        -0.0010220582        0.0032003664        0.00012287876        -0.99908776        -0.00097892564
3.2429531     -0.98911445        -0.0019212254        0.0030711828        0.00024780458        -0.99869555        -0.0018496436
3.3346705     -0.98930059        -0.002764769        0.0028628608        0.00039621867        -0.99806494        -0.0026846343
3.4255437     -0.98954283        -0.0035138755        0.0025834699        0.00057266251        -0.99722195        -0.0034531591
3.5159486     -0.98982925        -0.0041500536        0.0022395051        0.0007801259        -0.99618666        -0.0041423325
3.6063581     -0.99014736        -0.0046571433        0.0018372472        0.0010177262        -0.99497614        -0.004739499
3.6975592     -0.99048517        -0.005020544        0.001381662        0.0012809078        -0.99360008        -0.005231261
3.7900232     -0.99082883        -0.0052228398        0.00087993339        0.0015584029        -0.99207022        -0.0055971538
3.8832077     -0.99116011        -0.0052466538        0.00034719993        0.0018277952        -0.99041744        -0.0058083621
3.9632883     -0.99142134        -0.0051173555        -0.00012031465        0.0020285559        -0.98893105        -0.0058434909
4.0434201     -0.99165264        -0.0048474347        -0.00058483809        0.0021753387        -0.98740802        -0.0057227645
4.1175645     -0.99183479        -0.0044733085        -0.0010001621        0.002237576        -0.98599517        -0.0054535958
4.1872828     -0.99197575        -0.0040155307        -0.0013671043        0.0022083177        -0.98469601        -0.005046873
4.2534809     -0.99208207        -0.0034907718        -0.0016843154        0.0020829394        -0.98352578        -0.0045120666
4.317165     -0.99216015        -0.0029099529        -0.0019515179        0.0018599512        -0.98249968        -0.003856364
4.3781834     -0.99221468        -0.0022920667        -0.0021644032        0.0015477647        -0.98165161        -0.0031014609
4.4370418     -0.99225079        -0.001649141        -0.0023228781        0.0011602992        -0.98100052        -0.0022676955
4.4933695     -0.99227224        -0.0010016032        -0.0024262536        0.00072391013        -0.98056587        -0.0013922053
4.5476502     -0.99228231        -0.00035896421        -0.0024777991        0.00026295242        -0.98034604        -0.00050168364
4.6014086     -0.99228285        0.00028401942        -0.0024806192        -0.00020820623        -0.98033395        0.00039706105
4.6559015     -0.99227386        0.00093051376        -0.002434399        -0.00067395898        -0.98053127        0.0012945041
4.7099026     -0.99225475        0.0015544118        -0.0023413752        -0.001098917        -0.98092334        0.0021415257
4.7642742     -0.99222389        0.0021549661        -0.0022032233        -0.0014698747        -0.98149375        0.0029273237
4.8204518     -0.99217792        0.0027362977        -0.002018026        -0.0017791983        -0.98223782        0.0036495661
4.8803137     -0.99211104        0.0033022552        -0.0017793104        -0.0020191808        -0.98316553        0.0043058044
4.9437505     -0.99201786        0.0038327559        -0.0014876114        -0.0021741986        -0.98425706        0.004867781
5.0082976     -0.99189803        0.0042920666        -0.0011587032        -0.0022368713        -0.98544036        0.0053006241
5.0735397     -0.99175096        0.0046685704        -0.00080229098        -0.0022180423        -0.98667513        0.0056035036
5.1406732     -0.9915735        0.0049604829        -0.00041930302        -0.0021306395        -0.98795691        0.0057853522
5.2102703     -0.99136428        0.0051590989        -1.3763324E-005        -0.0019866549        -0.98927343        0.0058484455
5.2833913     -0.99112138        0.0052536476        0.00041254132        -0.0017966846        -0.9906222        0.0057920712
5.3608738     -0.99084507        0.0052281427        0.00085506697        -0.0015716651        -0.99199382        0.0056109889
5.4432677     -0.99053943        0.0050636626        0.0013052826        -0.0013241724        -0.99336839        0.0052980261
5.5295825     -0.9902183        0.0047473962        0.0017442132        -0.0010720594        -0.99469577        0.0048539779
5.6191869     -0.98989809        0.0042752007        0.0021543937        -0.00083075391        -0.99593063        0.0042843265
5.7064343     -0.98961301        0.0036895279        0.0025006361        -0.00062319399        -0.99697246        0.003639092
5.794668     -0.98936448        0.0029889646        0.002790116        -0.00044349554        -0.99784519        0.0029112372
5.8829224     -0.98916722        0.0022001581        0.0030126541        -0.00029257948        -0.99851816        0.0021232144
5.9715709     -0.98902992        0.0013426334        0.0031641072        -0.00016470744        -0.99897758        0.0012878157
6.0612562     -0.98895961        0.00043458164        0.0032406277        -5.1070633E-005        -0.9992102        0.00041558455
6.1035561     -0.98895149        -1.4666128E-013        0.0032494207        7.914223E-013        -0.99923695        1.9567466E-013
